%YAML:1.0
---
camera_matrix: !!opencv-matrix
   rows: 3
   cols: 3
   dt: d
   data: [ 5.3436104577000003e+02, 0., 1.1718964090999999e+02, 0.,
       5.9080730460999996e+02, 2.5448932078999999e+02, 0., 0., 1. ]
distortion_coefficients: !!opencv-matrix
   rows: 5
   cols: 1
   dt: d
   data: [ -8.5056023999999997e-01, 2.0925618600000000e+00,
       8.7738399999999998e-03, -2.4256030000000001e-02,
       -6.1240474100000002e+00 ]
